                      ++               --               *2               /2               %2              <<1              >>1
int:    00:00:01.7867974 00:00:01.7803528 00:00:01.7918411 00:00:01.5619725 00:00:02.1038035 00:00:01.8634577 00:00:01.7837800 
uint:   00:00:01.7835857 00:00:01.7872151 00:00:01.7791819 00:00:01.7656087 00:00:01.7768150 00:00:01.7752692 00:00:01.7665929 
long:   00:00:01.7544842 00:00:01.7578414 00:00:01.7219933 00:00:10.5247120 00:00:10.7628779 00:00:01.7743182 00:00:01.7695844 
ulong:  00:00:01.7421032 00:00:01.7627967 00:00:01.7201902 00:00:08.5813615 00:00:08.7400467 00:00:01.7737703 00:00:01.7638150 
Int64:  00:00:01.7419107 00:00:01.7596317 00:00:01.7242386 00:00:10.5983414 00:00:10.7695742 00:00:01.7784337 00:00:01.7581670 
UInt64: 00:00:01.7580573 00:00:01.7497935 00:00:01.7369552 00:00:08.6293818 00:00:08.7385678 00:00:01.7722412 00:00:01.7758508 
short:  00:00:04.4756934 00:00:04.4679108 00:00:04.4826403 00:00:05.7451981 00:00:06.3874642 00:00:04.4954541 00:00:04.4711046 
ushort: 00:00:04.4774093 00:00:04.4772328 00:00:04.4796052 00:00:05.7472203 00:00:06.2684953 00:00:04.5060472 00:00:04.5127414 
sbyte:  00:00:04.9315537 00:00:05.0387547 00:00:04.6367698 00:00:05.7737419 00:00:06.2520812 00:00:04.5000326 00:00:04.4861848 
byte:   00:00:04.4779579 00:00:04.4734556 00:00:04.4984694 00:00:05.7969500 00:00:06.2493694 00:00:04.4889400 00:00:04.4801282 
BigIntr:00:00:17.7206866 00:00:18.2798020 