                      ++               --               *2               /2               %2              <<1              >>1
int:    00:00:01.8048391 00:00:01.8036760 00:00:01.8084308 00:00:01.5580526 00:00:02.0519434 00:00:01.7965590 00:00:01.7923351 
uint:   00:00:01.8082169 00:00:01.8073461 00:00:01.7960881 00:00:01.7932530 00:00:01.7900951 00:00:01.8084350 00:00:01.7906008 
long:   00:00:01.7778261 00:00:01.7932060 00:00:01.7412929 00:00:10.6821601 00:00:10.9527754 00:00:01.8121423 00:00:01.7954617 
ulong:  00:00:01.7678783 00:00:01.7879024 00:00:01.7441805 00:00:08.7049019 00:00:08.8538359 00:00:01.7979956 00:00:01.7843670 
Int64:  00:00:01.7678030 00:00:01.7799678 00:00:01.7543573 00:00:10.7816441 00:00:10.9151505 00:00:01.8201704 00:00:01.8071788 
UInt64: 00:00:01.7923335 00:00:01.7769651 00:00:01.7566364 00:00:08.7519149 00:00:08.8203853 00:00:01.7838700 00:00:01.7888778 
short:  00:00:04.5176469 00:00:04.5318799 00:00:04.5247148 00:00:05.8239125 00:00:06.3194688 00:00:04.5456732 00:00:04.5092812 
ushort: 00:00:04.5180017 00:00:04.5311520 00:00:04.5348621 00:00:05.8179016 00:00:06.3204495 00:00:04.5303657 00:00:04.5799389 
sbyte:  00:00:04.5288050 00:00:04.5914217 00:00:04.5296092 00:00:05.8090173 00:00:06.3199238 00:00:04.5183502 00:00:04.5373485 
byte:   00:00:04.5243958 00:00:04.5183454 00:00:04.5186675 00:00:05.8035328 00:00:06.4475799 00:00:04.5750899 00:00:04.5815787 
BigIntr:00:00:17.5886143 00:00:17.9043064 00:00:24.3117896 00:00:24.4988437 00:00:30.2347254 
float:  00:00:02.2627368 00:00:02.2534814 00:00:02.2587283 00:00:02.2604022 00:00:09.0215005 
double: 00:00:02.2454230 00:00:02.2513285 00:00:02.2453302 00:00:02.2572743 00:00:08.5388379 
decimal:00:00:14.3832645 00:00:14.3415102 00:00:13.3759006 00:00:21.3681939 00:00:17.6074352 
