                      ++               --               *2               /2               %2              <<1              >>1
int:    00:00:00.0183218 00:00:00.0181298 00:00:00.0188908 00:00:00.0157957 00:00:00.0209675 00:00:00.0181001 00:00:00.0185600 
uint:   00:00:00.0177378 00:00:00.0179071 00:00:00.0195312 00:00:00.0191614 00:00:00.0181161 00:00:00.0183382 00:00:00.0178964 
long:   00:00:00.0173991 00:00:00.0181360 00:00:00.0172411 00:00:00.1074009 00:00:00.1104827 00:00:00.0178246 00:00:00.0181529 
ulong:  00:00:00.0178114 00:00:00.0183738 00:00:00.0184211 00:00:00.0879715 00:00:00.0885701 00:00:00.0182060 00:00:00.0189817 
Int64:  00:00:00.0181775 00:00:00.0181148 00:00:00.0173447 00:00:00.1083108 00:00:00.1101733 00:00:00.0177779 00:00:00.0176427 
UInt64: 00:00:00.0179884 00:00:00.0166420 00:00:00.0179678 00:00:00.0912223 00:00:00.0880577 00:00:00.0177245 00:00:00.0180011 
short:  00:00:00.0457295 00:00:00.0462842 00:00:00.0455107 00:00:00.0577179 00:00:00.0628085 00:00:00.0466358 00:00:00.0460385 
ushort: 00:00:00.0455682 00:00:00.0450608 00:00:00.0459839 00:00:00.0579729 00:00:00.0633878 00:00:00.0446806 00:00:00.0466841 
sbyte:  00:00:00.0451221 00:00:00.0453783 00:00:00.0447273 00:00:00.0586360 00:00:00.0641027 00:00:00.0446836 00:00:00.0450428 
byte:   00:00:00.0454059 00:00:00.0469763 00:00:00.0458956 00:00:00.0585653 00:00:00.0662989 00:00:00.0462097 00:00:00.0467816 
BigIntr:00:00:00.1977768 00:00:00.1911049 01:13:03.3699613 00:00:00.2543732 00:00:00.2591008 01:39:36.4901845 00:00:00.3301029 
float:  00:00:00.0235790 00:00:00.0243807 00:00:00.0246717 00:00:00.0241135 00:00:00.0943435 
double: 00:00:00.0236759 00:00:00.0246561 00:00:00.0230518 00:00:00.0235278 00:00:00.0921408 
decimal:00:00:00.1470631 00:00:00.1510353 00:00:00.1331371 00:00:00.2205229 00:00:00.1941209 
