                      ++               --               *2               /2               %2              <<1              >>1
int:    00:00:00.0018549 00:00:00.0018444 00:00:00.0018411 00:00:00.0018333 00:00:00.0021491 00:00:00.0019038 00:00:00.0018732 
uint:   00:00:00.0018427 00:00:00.0019630 00:00:00.0019396 00:00:00.0019328 00:00:00.0019014 00:00:00.0018863 00:00:00.0018608 
long:   00:00:00.0018738 00:00:00.0018893 00:00:00.0017898 00:00:00.0105133 00:00:00.0107109 00:00:00.0018154 00:00:00.0017819 
ulong:  00:00:00.0017698 00:00:00.0017739 00:00:00.0017448 00:00:00.0086068 00:00:00.0086681 00:00:00.0018804 00:00:00.0017806 
Int64:  00:00:00.0017896 00:00:00.0018730 00:00:00.0017655 00:00:00.0104378 00:00:00.0111261 00:00:00.0018549 00:00:00.0017873 
UInt64: 00:00:00.0018659 00:00:00.0018682 00:00:00.0017872 00:00:00.0086836 00:00:00.0087698 00:00:00.0018452 00:00:00.0017846 
short:  00:00:00.0044371 00:00:00.0046896 00:00:00.0044622 00:00:00.0057101 00:00:00.0062988 00:00:00.0044509 00:00:00.0044584 
ushort: 00:00:00.0047303 00:00:00.0044720 00:00:00.0044812 00:00:00.0058065 00:00:00.0062373 00:00:00.0044476 00:00:00.0048812 
sbyte:  00:00:00.0045005 00:00:00.0044448 00:00:00.0044697 00:00:00.0057940 00:00:00.0062228 00:00:00.0044517 00:00:00.0046449 
byte:   00:00:00.0044637 00:00:00.0044736 00:00:00.0046061 00:00:00.0057225 00:00:00.0062639 00:00:00.0045790 00:00:00.0044813 
BigIntr:00:00:00.0190142 00:00:00.0193288 00:00:26.8961446 00:00:00.0278503 00:00:00.0287657 00:00:38.8012587 00:00:00.0308664 
float:  00:00:00.0022985 00:00:00.0026218 00:00:00.0022743 00:00:00.0022463 00:00:00.0083788 
double: 00:00:00.0022975 00:00:00.0022096 00:00:00.0021915 00:00:00.0022711 00:00:00.0077157 
decimal:00:00:00.0159269 00:00:00.0166478 00:00:00.0149837 00:00:00.0186811 00:00:00.0162862 
