                      ++               --               *2               /2               %2              <<1              >>1
int:    00:00:00.0019129 00:00:00.0020114 00:00:00.0020198 00:00:00.0017096 00:00:00.0021687 00:00:00.0019022 00:00:00.0018568 
uint:   00:00:00.0018412 00:00:00.0018395 00:00:00.0018399 00:00:00.0018707 00:00:00.0018897 00:00:00.0018556 00:00:00.0018454 
long:   00:00:00.0018467 00:00:00.0019037 00:00:00.0018990 00:00:00.0110291 00:00:00.0112339 00:00:00.0021132 00:00:00.0018712 
ulong:  00:00:00.0017726 00:00:00.0017842 00:00:00.0017476 00:00:00.0096246 00:00:00.0089379 00:00:00.0019231 00:00:00.0019440 
Int64:  00:00:00.0018098 00:00:00.0017864 00:00:00.0017474 00:00:00.0105016 00:00:00.0111619 00:00:00.0018498 00:00:00.0017963 
UInt64: 00:00:00.0017675 00:00:00.0017997 00:00:00.0017413 00:00:00.0087085 00:00:00.0089254 00:00:00.0018571 00:00:00.0018564 
short:  00:00:00.0044755 00:00:00.0044480 00:00:00.0044433 00:00:00.0066613 00:00:00.0062825 00:00:00.0049535 00:00:00.0046361 
ushort: 00:00:00.0046248 00:00:00.0046384 00:00:00.0056011 00:00:00.0060238 00:00:00.0068499 00:00:00.0048866 00:00:00.0046230 
sbyte:  00:00:00.0048248 00:00:00.0046519 00:00:00.0048876 00:00:00.0061541 00:00:00.0064206 00:00:00.0045697 00:00:00.0049906 
byte:   00:00:00.0046161 00:00:00.0045687 00:00:00.0045576 00:00:00.0063081 00:00:00.0064117 00:00:00.0045782 00:00:00.0045210 
BigIntr:00:00:00.0193126 00:00:00.0200692 00:00:28.2562924 00:00:00.0278958 00:00:00.0283207 00:00:39.2113935 00:00:00.0320261 
float:  00:00:00.0025728 00:00:00.0023956 00:00:00.0023595 00:00:00.0025219 00:00:00.0082088 
double: 00:00:00.0022882 00:00:00.0025705 00:00:00.0026495 00:00:00.0022870 00:00:00.0084875 
decimal:00:00:00.0169445 00:00:00.0170605 00:00:00.0154766 00:00:00.0191120 00:00:00.0164298 
